# [Timestamps after sourcesetup] in [s]
# Inittime: 6.000[s]
# Iterativetime: 6.000[s]
4.5489658
10.5933989
16.5683343
22.5642881
28.5604935
34.5660471
40.5713757
46.597145
52.5733812
58.5818399
64.5661313
70.5688302
76.5649754
82.5680679
88.5930191
94.5710564
100.534738
106.557986
112.5637626
118.5660504
124.5685696
130.5658605
136.5657958
142.575009
148.5828975
154.5666921
160.5685235
166.5615719
172.5737274
178.5702855
184.5675272
190.5794144
196.5718921
202.5806451
208.565778
214.5649081
220.5942491
226.6592277
232.6499515
238.6802265
244.6718471
250.6733639
256.6866797
262.6674116
268.6742154
274.6592961
280.6705237
286.6697543
292.6905524
298.6702795
304.6785092
310.6552024
316.680702
322.6698769
328.6810172
334.6743092
340.6711477
346.7155773
352.6589877
358.6610467
364.6692406
370.685483
376.6700197
382.6791808
388.670596
394.6790063
400.6713633
406.6973395
412.6719438
418.6745171
424.6717535
430.6589773
436.667432
442.6780914
448.6899687
454.6718014
460.668045
466.6813187
472.6702464
478.6849709
484.7033462
490.6694912
496.681156
502.6704088
508.6782079
514.6713058
520.6690159
526.6877525
532.6802124
538.7676436
544.6794691
550.6735423
556.6825708
562.6748275
568.6688964
574.7866856
580.6789345
586.7749163
592.7748544
598.7725907
604.7852097
610.7726824
616.76537
622.7751462
628.7876958
634.7904195
640.7673809
646.778449
652.7753181
658.7715614
664.7690709
670.781091
676.7855503
682.794237
688.7714536
694.7849699
700.7867093
706.7751729
712.8243123
718.7802798
724.7679893
730.766037
736.7734059
742.7758757
748.7743072
754.7832426
760.7745442
766.7670639
772.7768658
778.7840716
784.7861431
790.7695861
796.7782708
802.776375
808.7731114
814.7704796
820.7833275
826.7713687
832.7634544
838.8200171
844.8033964
850.7997384
856.7654102
862.7934136
868.7743434
874.7739791
880.7682318
886.7710193
892.7943548
898.7759529
904.7718962
910.7922421
916.7844661
922.7783066
928.7855388
934.8041784
941.0733999
946.7782559
952.7818323
958.7795334
964.7719808
970.7684254
976.8295216
982.7937955
988.7750354
994.8029464
1000.7746465
1006.7835823
1012.7930695
1018.7732798
1024.7623194
1030.7819021
1036.7751225
1042.7751914
1048.7827989
1054.8044668
1060.7810963
1066.7778039
1072.7824914
1078.7750663
1084.7683635
1090.7804244
1096.8088477
1102.7777164
1108.7614682
1114.8949469
1120.7750812
1126.7811232
1132.7836974
1138.7686079
1144.7896166
1150.7662195
1156.7734164
1162.7875929
1168.7836451
1174.7737282
1180.773673
1186.773322
1192.7790692
1198.7827354
1204.7796163
1210.7752283
1216.8036196
1222.79004
1228.7824909
1234.7774549
1240.774102
1246.8805516
1252.896819
1258.8647105
1264.8814734
1270.8843139
1276.873979
1282.8918328
1288.7615144
1294.8937229
