# [Timestamps after sourcesetup] in [s]
# Inittime: 6.000[s]
# Iterativetime: 6.000[s]
5.2642064
11.4619919
18.1420984
24.6142813
30.8141402
37.3502663
44.3661196
50.7103191
56.6403464
63.5273085
69.7432244
75.7642108
82.1922355
89.2709941
95.7645036
102.5929096
108.7037116
114.4567971
120.5129123
126.5219689
133.7289082
139.8978114
145.7310112
153.8327235
159.8098097
166.2180456
171.8592996
178.7945614
185.2018484
192.9302676
198.7059585
205.368968
211.745834
218.8893312
224.8019311
231.3694155
237.4907578
244.0425284
250.3384085
256.667188
263.3630884
271.1567223
277.3621203
283.2748595
289.189837
294.9221382
300.782602
306.526314
313.3143561
319.9665288
327.610948
333.6030287
339.4786319
345.5188124
351.7218267
358.8447681
364.7510999
371.0325243
376.8612959
382.8657793
389.0947516
395.3604475
401.9147281
408.3068201
415.2376012
422.1786688
428.2844675
435.1545102
441.3395023
448.2533142
455.0639848
462.3859807
468.6111888
474.3933619
481.2989713
487.470789
493.9705037
500.612229
506.6528163
514.7362953
521.9249833
527.7146329
533.7834989
540.081038
547.1946483
554.0980893
560.0510972
567.3951247
573.179414
579.5163441
585.5804162
592.2551368
598.2215322
604.6588993
611.3016427
617.9253897
623.9090027
629.7067846
636.7843177
643.6749483
649.3478079
656.1509179
662.6872858
668.6168363
676.3975285
682.2144682
688.3990494
695.1603026
702.5574825
708.5023905
714.2708462
720.4101231
727.2001296
733.9591104
740.0478175
746.5998002
752.5286698
759.5441855
766.0963328
773.0322594
779.0530821
785.1337988
791.6647838
797.7855146
804.1607626
810.6172851
816.5518383
822.8103259
828.7552804
834.5885302
840.3890877
846.8452335
853.6206394
859.8695736
867.1401333
873.4278713
879.2697149
885.8494057
892.744231
899.3255366
905.8140377
912.1413053
918.4321564
924.8494873
931.3345979
937.5531301
943.5371554
950.4627351
956.8236035
963.130243
970.6937257
976.5589279
982.5521951
988.7994135
995.6792686
1001.3817135
1007.101578
1012.9141771
1019.3661438
1026.1008304
1032.8901249
1038.4509111
1044.5215334
1051.0438961
1057.0521145
1063.0240304
1069.2778846
1075.2562406
1081.0066627
1087.6805692
1093.8812034
1100.3584005
